64
8192
32
64
512
32
64
1
1
64
256
32
64
1
1
64
256
32
64
1
1
10
320
32
64
512
32
64
1
1
64
256
32
64
1
1
64
256
32
64
1
1
10
320
32
64
512
32
64
1
1
64
256
32
64
1
1
64
256
32
64
1
1
10
320
32
64
512
32
64
1
1
64
256
32
64
1
1
64
256
32
64
1
1
10
320
32
64
512
32
64
1
1
64
256
32
64
1
1
64
256
32
64
1
1
10
320
32
64
512
32
64
1
1
64
256
32
64
1
1
64
256
32
64
1
1
10
320
32
64
512
32
64
1
1
64
256
32
64
1
1
64
256
32
64
1
1
10
320
32
64
512
32
64
1
1
64
256
32
64
1
1
64
256
32
64
1
1
10
320
32
3
8
8
64
16
1
64
32
1
64
64
1
128
16
1
128
16
1
128
128
1
256
4
1
256
1
1
512
1
1
10
80
16
3
8
8
64
16
1
64
32
1
64
64
1
128
16
1
128
16
1
128
128
1
256
4
1
256
1
1
512
1
1
10
80
16
