38400
(1, 1, 64, 600)
38400
(1, 1, 64, 600)
38400
(600, 64)
38400
(1, 1, 64, 600)
38400
(1, 1, 64, 600)
38400
(1, 1, 64, 600)
38400
(1, 1, 64, 600)

1
38400
(1, 1, 64, 600)

2
38400
(1, 1, 64, 600)

3
38400
(1, 1, 38400)
38400
(600, 64)

1
38400
(1, 1, 64, 600)

2
38400
(1, 1, 64, 600)

3
38400
(1, 1, 38400)

4
1
(1, 1)

1
38400
(1, 1, 64, 600)

2
38400
(1, 1, 64, 600)

3
38400
(1, 1, 38400)
38400
(600, 64)

1
38400
(1, 1, 64, 600)

2
38400
(1, 1, 64, 600)

3
38400
(1, 1, 38400)

4
76800
1
(1, 1)
