(1, 1, 38400)
38400
[[[ 0.  0.  0. ...  1. -0. -0.]]]
(1, 1, 38400)
38400
[[[ 0.  0.  0. ...  1. -0. -0.]]]
(1, 1, 64, 600)
38400
[[[[ 0.  0.  0. ...  0.  0.  0.]
   [ 0.  0.  0. ... -0.  1.  1.]
   [ 0.  0.  0. ...  0. -0.  0.]
   ...
   [ 0.  0.  0. ... -0. -0. -0.]
   [ 0.  0.  0. ...  0. -0. -0.]
   [ 0.  0.  0. ...  1. -0. -0.]]]]
(1, 1, 4096)
4096
[[[-1. -1.  0. ...  0.  1.  0.]]]
(1, 1, 64, 64)
4096
[[[[-1. -1.  0. ... -0.  1.  1.]
   [-0. -0. -0. ... -0. -0. -0.]
   [-1. -1. -0. ...  0.  1.  0.]
   ...
   [ 0.  0.  0. ...  0.  0. -0.]
   [ 1.  1. -0. ... -0. -1. -1.]
   [-1. -1.  0. ...  0.  1.  0.]]]]
(1, 1, 4096)
4096
[[[-1. -0. -0. ... -0. -0.  0.]]]
(1, 1, 64, 64)
4096
[[[[-1. -0. -0. ... -0.  1. -0.]
   [-0.  0.  0. ... -0.  0. -0.]
   [-0. -0. -0. ...  0.  0. -0.]
   ...
   [ 0. -0.  0. ... -0.  0. -0.]
   [-0.  0. -0. ... -0.  0. -0.]
   [ 0. -0. -0. ... -0. -0.  0.]]]]
(1, 1, 64)
64
[[[ 1.  0.  0. -1.  1.  1. -0.  0. -1.  0.  0.  0. -0. -0.  1.  0. -0.
    0. -1.  1.  1. -0.  0. -0. -0. -0. -1. -0. -0.  0.  0.  0. -0. -1.
    1. -0. -1.  1. -0.  1. -1.  1.  0.  0. -1.  1. -0.  1. -1.  0.  1.
    1.  0. -0. -0.  0.  0.  1. -0.  0. -0.  1.  0. -0.]]]
(1, 1, 1, 64)
64
[[[[ 1.  0.  0. -1.  1.  1. -0.  0. -1.  0.  0.  0. -0. -0.  1.  0. -0.
     0. -1.  1.  1. -0.  0. -0. -0. -0. -1. -0. -0.  0.  0.  0. -0. -1.
     1. -0. -1.  1. -0.  1. -1.  1.  0.  0. -1.  1. -0.  1. -1.  0.  1.
     1.  0. -0. -0.  0.  0.  1. -0.  0. -0.  1.  0. -0.]]]]
(1, 1, 38400)
38400
[[[ 0.  0.  0. ...  1. -0. -0.]]]
(1, 1, 64, 600)
38400
[[[[ 0.  0.  0. ...  0.  0.  0.]
   [ 0.  0.  0. ... -0.  1.  1.]
   [ 0.  0.  0. ...  0. -0.  0.]
   ...
   [ 0.  0.  0. ... -0. -0. -0.]
   [ 0.  0.  0. ...  0. -0. -0.]
   [ 0.  0.  0. ...  1. -0. -0.]]]]
(1, 1, 4096)
4096
[[[-1. -1.  0. ...  0.  1.  0.]]]
(1, 1, 64, 64)
4096
[[[[-1. -1.  0. ... -0.  1.  1.]
   [-0. -0. -0. ... -0. -0. -0.]
   [-1. -1. -0. ...  0.  1.  0.]
   ...
   [ 0.  0.  0. ...  0.  0. -0.]
   [ 1.  1. -0. ... -0. -1. -1.]
   [-1. -1.  0. ...  0.  1.  0.]]]]
(1, 1, 4096)
4096
[[[-1. -0. -0. ... -0. -0.  0.]]]
(1, 1, 64, 64)
4096
[[[[-1. -0. -0. ... -0.  1. -0.]
   [-0.  0.  0. ... -0.  0. -0.]
   [-0. -0. -0. ...  0.  0. -0.]
   ...
   [ 0. -0.  0. ... -0.  0. -0.]
   [-0.  0. -0. ... -0.  0. -0.]
   [ 0. -0. -0. ... -0. -0.  0.]]]]
(1, 1, 64)
64
[[[ 1.  0.  0. -1.  1.  1. -0.  0. -1.  0.  0.  0. -0. -0.  1.  0. -0.
    0. -1.  1.  1. -0.  0. -0. -0. -0. -1. -0. -0.  0.  0.  0. -0. -1.
    1. -0. -1.  1. -0.  1. -1.  1.  0.  0. -1.  1. -0.  1. -1.  0.  1.
    1.  0. -0. -0.  0.  0.  1. -0.  0. -0.  1.  0. -0.]]]
(1, 1, 1, 64)
64
[[[[ 1.  0.  0. -1.  1.  1. -0.  0. -1.  0.  0.  0. -0. -0.  1.  0. -0.
     0. -1.  1.  1. -0.  0. -0. -0. -0. -1. -0. -0.  0.  0.  0. -0. -1.
     1. -0. -1.  1. -0.  1. -1.  1.  0.  0. -1.  1. -0.  1. -1.  0.  1.
     1.  0. -0. -0.  0.  0.  1. -0.  0. -0.  1.  0. -0.]]]]
(1, 1, 38400)
38400
[[[ 0.  0.  0. ...  1. -0. -0.]]]
(1, 1, 64, 600)
38400
[[[[ 0.  0.  0. ...  0.  0.  0.]
   [ 0.  0.  0. ... -0.  1.  1.]
   [ 0.  0.  0. ...  0. -0.  0.]
   ...
   [ 0.  0.  0. ... -0. -0. -0.]
   [ 0.  0.  0. ...  0. -0. -0.]
   [ 0.  0.  0. ...  1. -0. -0.]]]]
(1, 1, 4096)
4096
[[[-1. -1.  0. ...  0.  1.  0.]]]
(1, 1, 64, 64)
4096
[[[[-1. -1.  0. ... -0.  1.  1.]
   [-0. -0. -0. ... -0. -0. -0.]
   [-1. -1. -0. ...  0.  1.  0.]
   ...
   [ 0.  0.  0. ...  0.  0. -0.]
   [ 1.  1. -0. ... -0. -1. -1.]
   [-1. -1.  0. ...  0.  1.  0.]]]]
(1, 1, 4096)
4096
[[[-1. -0. -0. ... -0. -0.  0.]]]
(1, 1, 64, 64)
4096
[[[[-1. -0. -0. ... -0.  1. -0.]
   [-0.  0.  0. ... -0.  0. -0.]
   [-0. -0. -0. ...  0.  0. -0.]
   ...
   [ 0. -0.  0. ... -0.  0. -0.]
   [-0.  0. -0. ... -0.  0. -0.]
   [ 0. -0. -0. ... -0. -0.  0.]]]]
(1, 1, 64)
64
[[[ 1.  0.  0. -1.  1.  1. -0.  0. -1.  0.  0.  0. -0. -0.  1.  0. -0.
    0. -1.  1.  1. -0.  0. -0. -0. -0. -1. -0. -0.  0.  0.  0. -0. -1.
    1. -0. -1.  1. -0.  1. -1.  1.  0.  0. -1.  1. -0.  1. -1.  0.  1.
    1.  0. -0. -0.  0.  0.  1. -0.  0. -0.  1.  0. -0.]]]
(1, 1, 1, 64)
64
[[[[ 1.  0.  0. -1.  1.  1. -0.  0. -1.  0.  0.  0. -0. -0.  1.  0. -0.
     0. -1.  1.  1. -0.  0. -0. -0. -0. -1. -0. -0.  0.  0.  0. -0. -1.
     1. -0. -1.  1. -0.  1. -1.  1.  0.  0. -1.  1. -0.  1. -1.  0.  1.
     1.  0. -0. -0.  0.  0.  1. -0.  0. -0.  1.  0. -0.]]]]
